180
752
140 48
175 79
102 58
156 67
131 78
12 115
19 48
27 71
179 115
104 154
162 43
51 172
87 161
127 42
165 148
100 156
143 78
82 2
145 44
26 71
127 32
167 40
177 18
143 40
48 89
166 171
82 156
148 116
142 151
165 89
65 163
22 111
162 13
27 61
31 103
87 129
167 78
177 11
2 130
142 92
139 59
132 22
175 166
48 24
97 178
156 130
175 159
163 166
137 25
125 54
173 73
16 161
48 148
112 25
90 129
23 143
35 7
87 110
46 146
90 74
145 88
131 54
97 14
49 74
118 179
110 170
100 95
131 155
34 71
178 84
82 15
27 19
90 126
96 173
64 84
112 137
110 9
4 151
20 121
119 82
23 40
78 38
135 17
163 45
90 161
90 16
2 138
177 8
87 108
158 77
139 33
131 40
140 19
47 85
23 78
82 95
21 18
131 8
162 93
177 30
69 136
111 0
159 176
70 88
9 16
179 42
2 4
129 170
26 19
6 108
65 176
20 72
54 30
158 149
0 56
65 68
131 125
142 4
68 171
9 90
119 2
27 89
5 17
79 45
32 12
164 44
26 148
168 176
2 92
27 148
143 21
112 69
64 14
8 11
164 70
132 0
35 58
64 158
49 172
118 115
125 18
39 31
65 166
6 74
114 46
93 128
153 105
177 38
55 166
118 42
114 69
91 161
142 95
15 130
137 136
11 30
165 34
168 79
112 146
106 154
10 17
61 148
119 92
137 146
177 78
6 91
126 161
167 21
166 68
100 15
104 3
78 18
168 65
101 128
100 4
55 159
8 38
62 124
110 51
143 167
25 50
26 61
170 161
165 24
101 13
138 92
156 4
131 11
132 111
131 18
112 136
71 148
100 82
55 163
159 171
50 146
142 67
163 68
129 161
136 25
9 49
13 128
78 40
17 124
10 124
114 25
125 11
177 155
64 153
97 105
129 108
86 47
7 85
150 30
77 84
71 116
16 49
140 27
91 170
163 171
92 151
75 122
114 146
102 85
167 30
23 18
155 21
82 67
106 104
47 102
5 135
86 85
178 153
133 68
46 50
153 14
52 94
143 11
119 142
170 74
81 60
126 170
167 18
108 74
159 163
100 151
62 10
75 1
8 54
9 126
166 45
97 77
165 61
71 61
46 136
165 71
129 51
23 177
55 171
114 136
64 105
129 91
8 125
122 1
19 89
27 48
100 67
53 56
61 24
150 18
90 170
108 172
175 171
156 92
24 89
40 30
131 30
18 54
37 25
72 121
157 123
140 89
133 55
143 18
176 171
90 91
44 88
178 105
156 138
48 71
133 176
110 126
101 43
110 90
35 63
37 146
8 18
62 17
51 74
21 78
21 54
21 125
100 138
112 46
178 149
16 170
2 67
6 170
150 38
84 105
143 150
7 102
155 18
37 137
82 138
33 28
64 149
59 28
46 25
168 45
118 12
23 30
69 50
106 99
87 9
6 49
90 49
84 153
6 129
8 30
8 40
23 131
6 172
109 152
150 8
61 89
80 113
35 85
92 95
15 4
156 151
158 97
155 125
176 45
135 124
15 151
19 61
82 142
16 108
15 67
87 90
53 132
64 97
168 166
9 51
156 15
12 42
147 88
110 161
158 153
119 67
24 148
86 35
126 49
79 171
125 40
35 102
23 125
136 50
48 61
6 16
34 24
150 125
36 173
158 178
158 105
65 175
22 56
136 146
2 151
15 95
143 38
140 116
32 179
55 79
137 50
40 38
93 13
7 63
36 73
143 30
51 170
23 167
71 89
4 130
65 159
82 130
142 2
49 91
133 79
47 63
150 155
48 116
51 16
155 8
90 51
143 125
158 14
26 116
18 30
164 88
163 176
167 8
69 25
9 170
9 108
140 61
133 163
47 7
34 27
172 161
178 77
93 43
97 149
110 6
175 45
55 45
34 19
21 40
100 130
133 171
63 85
97 153
126 108
155 54
68 45
114 50
4 92
86 63
32 118
129 49
79 176
131 177
87 6
37 114
51 49
150 167
61 116
9 91
87 16
18 38
53 0
155 40
7 58
82 92
8 78
77 14
165 140
51 108
156 95
6 161
43 128
37 50
9 74
23 8
19 148
133 159
87 172
127 12
25 146
139 28
6 126
159 68
15 2
160 33
8 21
34 48
137 69
20 57
154 3
166 79
38 30
129 126
126 74
177 40
23 155
119 15
34 89
32 115
34 148
11 38
138 95
49 161
52 98
16 172
19 24
151 95
69 46
53 111
127 115
150 54
145 164
151 67
96 73
177 54
99 3
133 175
177 21
9 6
99 154
166 176
12 179
23 21
131 150
172 74
26 34
23 54
78 54
65 55
160 28
138 151
143 131
71 24
155 78
65 79
19 116
159 45
142 138
147 164
4 67
40 54
69 146
165 26
138 130
168 68
156 2
125 30
162 101
130 95
108 91
87 170
133 166
142 15
126 172
140 71
36 96
51 91
37 136
23 38
108 170
94 98
19 71
142 130
63 58
163 79
130 67
87 74
160 139
22 0
131 167
149 105
78 11
149 77
138 67
29 76
77 105
145 70
24 116
130 92
167 38
82 151
10 135
165 27
155 38
86 58
131 21
55 175
91 74
106 3
143 177
39 103
67 95
126 91
21 11
119 4
79 68
147 145
93 101
6 51
9 161
40 11
133 65
100 92
175 176
91 172
13 43
143 54
5 10
26 27
4 95
15 92
21 30
97 84
62 135
2 95
87 91
51 161
149 14
77 153
119 95
112 114
159 79
177 150
78 125
150 40
53 22
140 24
65 45
34 140
110 172
45 171
110 16
125 38
119 130
47 58
87 51
21 38
156 142
37 112
177 167
84 14
147 70
127 179
37 46
16 74
165 19
150 78
100 2
155 11
26 89
78 30
52 144
127 118
16 91
49 170
129 74
119 156
89 116
110 49
129 16
119 151
74 161
5 62
130 151
4 138
100 142
98 144
167 125
86 7
14 105
42 115
149 84
149 153
148 89
87 126
85 58
177 125
64 178
137 114
23 150
119 100
162 128
15 138
133 45
131 38
168 171
27 24
168 163
5 124
90 108
155 167
174 141
172 170
92 67
26 140
137 46
63 102
168 159
178 14
159 166
49 108
82 4
9 172
64 77
57 121
143 8
38 54
94 144
27 116
86 102
167 11
140 148
175 163
119 138
150 11
55 68
126 16
34 61
32 42
110 74
55 176
40 18
33 59
70 44
110 129
168 133
47 35
99 104
132 56
65 171
90 172
37 69
34 116
168 175
165 116
108 161
87 49
110 91
155 30
160 59
165 48
168 55
158 84
112 50
51 126
11 54
175 68
26 24
9 129
111 56
90 6
23 11
167 54
143 155
110 108
176 68
18 11
129 172
26 48
147 44
150 21
57 72
