170
423
129 4
146 36
96 89
133 115
71 70
113 22
166 143
159 126
63 101
101 100
125 9
70 34
18 14
28 160
18 131
24 4
20 134
113 140
143 142
64 130
68 168
135 166
125 142
14 148
82 169
66 117
164 110
80 142
68 89
0 91
169 105
70 168
153 135
26 130
36 105
125 153
117 99
17 166
17 153
28 149
68 71
81 136
32 93
159 144
141 39
50 33
28 147
157 154
71 168
32 16
6 62
79 162
4 91
82 57
119 95
143 104
18 135
57 36
71 169
112 74
125 80
85 53
89 169
17 59
153 143
135 148
158 18
10 79
135 9
155 67
56 47
70 169
84 147
0 44
9 59
80 131
168 36
65 138
125 143
109 120
139 61
158 125
166 148
49 63
17 18
1 22
96 169
83 106
4 138
12 40
77 90
89 57
17 148
1 140
65 4
3 37
127 44
127 4
86 163
17 9
89 82
146 105
86 35
72 29
36 137
77 93
89 36
19 52
169 36
26 93
17 80
129 91
127 138
29 87
77 32
17 125
71 36
64 16
9 166
14 104
82 168
72 66
144 126
134 103
164 46
23 101
88 6
60 21
41 61
70 36
168 137
71 137
26 32
9 142
91 44
168 57
82 105
107 114
9 148
118 157
139 41
43 28
127 0
59 104
18 166
167 121
49 100
43 160
57 169
125 14
1 121
24 0
158 131
55 123
84 28
68 70
129 24
72 117
32 90
47 12
110 46
155 95
43 147
29 99
68 36
96 168
77 130
168 169
20 128
88 62
68 169
125 148
75 123
85 76
4 0
71 96
59 143
63 100
54 31
168 105
125 135
80 135
153 148
153 104
60 123
125 166
131 142
17 131
87 66
97 6
149 147
56 12
127 129
26 90
89 146
15 39
34 169
131 59
121 22
68 146
142 104
159 11
65 129
51 118
90 130
23 63
148 104
86 122
87 99
80 14
84 160
96 146
93 16
82 146
132 108
131 143
18 148
9 104
158 166
18 143
166 131
45 109
90 16
57 105
96 36
43 149
19 13
158 142
88 97
158 104
56 40
82 34
0 138
67 119
93 90
68 137
96 70
80 104
71 146
14 143
96 137
146 169
158 59
59 142
135 131
155 119
70 57
60 55
24 44
17 104
140 167
158 9
89 168
112 111
148 142
96 34
96 57
17 143
158 153
71 89
161 69
149 160
9 131
49 101
10 162
24 91
89 70
131 104
146 34
80 59
67 95
29 117
65 0
18 9
57 34
128 103
80 143
106 58
158 148
17 158
167 22
14 9
34 137
1 167
16 130
68 96
68 34
71 34
64 93
80 148
34 36
14 135
153 166
93 130
70 137
76 53
127 65
168 34
17 14
71 82
51 157
26 16
14 131
158 135
127 91
44 138
23 49
91 138
68 105
7 151
128 134
135 143
20 103
96 82
140 22
143 148
135 104
83 58
71 105
68 57
166 59
59 148
21 75
43 84
125 59
146 168
131 148
29 66
34 105
17 135
169 137
14 142
18 142
158 80
70 146
17 142
153 131
70 105
14 166
166 104
163 35
66 99
113 1
153 14
77 16
18 59
135 142
146 57
97 62
153 59
153 142
135 59
141 15
153 9
145 38
24 138
122 35
140 121
89 34
55 75
118 154
65 24
113 167
80 153
105 137
25 116
64 90
72 99
77 64
60 75
89 105
2 102
129 44
82 36
18 104
129 138
146 137
166 142
80 9
9 143
21 123
89 137
122 163
74 111
144 11
65 44
147 160
158 14
14 59
45 120
96 105
32 130
125 131
57 137
18 80
4 44
125 104
113 121
80 166
158 143
127 24
18 153
70 82
129 0
64 26
71 57
82 137
126 11
47 40
77 26
136 124
23 100
55 21
84 149
64 32
87 117
68 82
81 124
72 87
51 154
125 18
65 91
13 52
