180
1048
147 120
55 154
86 65
116 111
121 157
57 153
48 123
65 0
64 102
176 5
20 2
102 21
58 44
174 105
50 130
114 140
118 167
25 81
114 38
17 7
172 20
175 89
8 150
154 62
148 55
86 22
148 58
174 9
79 7
84 113
148 150
62 38
49 14
94 37
46 117
88 23
98 117
9 105
153 84
67 90
86 20
116 19
28 110
7 175
79 175
147 33
83 58
157 84
41 115
43 110
17 167
41 93
58 150
42 90
88 35
106 170
26 21
12 167
157 153
23 24
92 32
6 79
106 67
111 154
61 95
19 150
92 80
65 110
25 89
8 44
147 64
140 56
144 113
74 75
65 22
27 70
164 0
129 167
32 135
161 151
164 65
90 84
152 142
148 19
143 118
79 30
48 124
30 167
82 104
58 154
15 178
44 150
1 46
109 59
114 8
161 58
16 21
92 19
43 28
83 135
86 0
0 2
161 114
78 130
134 174
55 114
140 44
62 135
144 157
35 24
55 111
108 68
160 51
82 142
55 58
60 171
173 15
12 79
20 27
32 150
116 150
71 36
172 132
172 39
36 30
129 81
36 167
152 82
69 42
114 56
25 53
41 120
23 123
157 42
173 5
40 122
32 151
132 22
134 9
19 135
143 30
32 19
173 99
20 110
111 140
128 34
12 175
76 104
29 113
32 114
55 151
26 41
64 75
92 8
120 115
124 85
148 135
73 14
8 80
116 56
108 3
97 37
26 120
72 95
102 33
69 121
91 102
138 142
21 115
75 93
22 0
116 55
38 80
29 170
163 158
111 56
55 44
107 100
92 119
166 132
58 96
160 125
148 154
32 8
153 170
91 75
41 16
57 69
143 175
130 136
55 83
118 7
86 132
107 149
174 52
98 46
155 11
150 80
40 156
64 74
12 30
55 8
9 104
91 21
91 74
152 125
107 66
54 136
48 88
174 142
82 138
51 125
132 110
160 82
19 119
120 47
166 20
6 89
118 81
30 175
121 42
63 5
104 105
102 115
164 27
67 84
63 168
121 90
111 119
116 92
6 167
140 38
36 143
64 21
25 79
83 44
127 117
82 76
143 17
17 175
106 159
96 119
9 138
127 1
64 16
129 175
32 154
19 96
25 30
44 119
43 65
31 126
83 38
29 67
140 150
76 125
21 93
161 80
132 70
160 76
9 82
148 119
144 131
32 80
116 62
164 22
15 168
2 70
61 59
15 177
79 89
40 4
74 93
87 45
6 81
139 126
143 79
69 159
58 56
161 19
134 152
143 81
120 75
83 56
143 7
78 136
7 89
148 96
26 102
83 119
71 129
114 80
116 135
88 123
172 0
160 104
125 142
157 90
173 178
15 5
71 6
24 171
149 169
77 141
159 90
20 22
174 82
54 130
130 18
133 3
57 90
123 24
83 19
57 67
161 83
161 140
106 131
62 119
166 28
147 41
118 89
162 130
8 56
160 52
82 51
161 119
25 17
86 27
173 63
16 115
71 12
69 106
124 24
1 117
169 100
16 74
53 167
144 170
36 79
92 161
144 42
134 104
29 131
58 8
16 102
155 165
71 17
123 171
96 135
21 74
12 89
121 84
140 135
28 22
153 90
109 45
121 153
32 96
173 168
114 44
43 27
174 76
17 118
35 171
4 156
43 164
160 9
0 110
140 62
134 125
44 56
114 19
159 153
174 51
91 16
32 38
69 90
129 30
154 96
0 70
38 56
161 38
147 74
172 65
21 75
20 28
132 39
166 43
6 30
161 96
41 47
71 30
29 153
91 64
106 90
64 47
119 150
26 115
69 84
55 135
62 96
92 44
69 67
21 120
92 55
111 135
174 104
63 15
58 119
6 7
152 105
55 119
43 39
39 0
88 60
64 33
111 38
59 95
148 56
138 104
174 125
177 168
44 80
55 38
22 70
79 167
6 129
41 74
131 42
96 150
99 178
148 151
98 1
1 103
52 138
90 113
32 83
72 45
57 113
29 42
19 8
48 24
9 51
166 70
114 135
131 90
79 81
151 56
12 143
154 150
102 47
153 67
166 39
132 0
75 47
140 154
25 129
131 157
26 33
53 7
92 151
99 168
166 22
83 154
157 113
41 102
63 99
111 58
134 52
92 38
19 154
71 79
20 65
63 177
152 52
36 118
138 105
147 21
144 84
159 67
20 0
121 29
177 178
114 96
176 99
148 116
57 84
26 64
164 39
17 89
164 132
96 38
21 33
86 28
116 38
67 113
28 2
149 100
99 15
86 172
53 81
152 76
132 27
179 37
121 131
92 62
144 69
80 56
92 140
160 174
104 142
44 151
54 18
12 6
155 73
19 56
111 44
10 68
66 149
26 91
144 57
121 67
102 75
161 135
57 121
129 17
147 16
116 114
12 81
161 44
33 120
2 110
114 58
86 166
166 172
131 67
39 27
85 23
69 170
44 38
32 56
86 43
154 80
71 25
71 81
36 129
114 151
119 80
147 91
161 56
72 59
99 177
144 121
16 75
91 47
111 80
43 20
41 75
82 105
166 0
92 58
121 113
58 38
154 38
161 154
71 175
106 157
57 170
91 33
103 117
57 157
35 60
57 159
159 170
166 2
91 115
176 177
29 157
88 171
92 96
64 93
148 32
30 81
166 27
135 38
73 11
164 20
9 76
148 161
0 27
65 70
159 121
47 115
179 97
54 50
150 56
25 6
55 19
83 80
45 95
76 52
148 140
76 138
148 44
54 162
20 39
52 104
32 111
69 29
38 150
69 131
135 80
129 7
172 110
116 80
16 33
33 75
96 44
33 115
102 74
57 42
143 25
39 70
102 120
8 62
152 104
143 6
8 154
139 31
140 19
28 27
68 133
129 53
86 70
65 2
67 170
42 84
81 175
127 46
88 24
101 169
116 8
62 44
30 118
78 18
26 74
154 135
81 89
124 35
64 41
83 151
10 133
111 8
168 5
48 23
161 150
134 82
124 23
28 65
155 49
68 3
125 105
57 29
102 93
58 62
124 60
151 119
46 103
147 47
85 60
159 42
51 104
28 0
10 3
75 115
106 121
147 102
143 167
161 111
162 136
135 151
23 60
58 80
98 127
87 95
134 76
93 115
98 103
43 70
23 35
93 47
153 42
48 35
173 176
114 83
109 95
9 52
124 171
71 53
48 85
86 110
26 75
8 96
94 179
30 53
11 14
90 170
148 114
177 5
25 7
162 18
19 58
157 170
71 7
18 136
116 154
163 13
101 149
86 164
39 65
8 119
62 56
21 47
55 56
92 135
176 63
140 119
20 70
84 170
153 113
154 56
22 2
29 84
32 161
152 138
111 83
112 34
174 152
57 106
52 142
166 110
83 150
92 114
168 178
134 105
26 47
35 123
85 171
79 53
59 45
159 84
83 62
55 62
82 125
78 162
19 44
92 56
66 100
92 154
83 8
33 47
51 52
62 80
55 161
96 80
135 150
51 138
12 129
48 171
92 150
7 167
86 39
111 114
43 0
61 109
78 50
55 96
114 62
107 101
39 2
26 147
148 83
26 93
99 5
42 113
172 164
147 115
144 90
85 24
43 132
62 151
19 80
91 93
106 42
73 49
106 29
174 138
50 162
23 171
148 80
62 150
42 170
140 80
176 15
91 41
164 70
92 83
159 157
147 75
12 53
160 152
9 125
159 29
116 151
148 92
51 105
123 60
36 7
164 110
36 6
144 153
55 80
175 167
118 175
39 110
57 131
32 55
107 169
36 81
116 96
4 122
160 142
39 22
32 140
66 169
121 170
85 35
2 27
116 44
42 67
41 21
108 133
81 167
30 7
116 32
11 49
72 109
28 39
101 100
125 104
69 113
12 17
36 175
140 58
43 22
22 27
88 85
159 131
159 113
73 165
129 89
16 47
12 25
106 84
65 27
116 119
144 67
20 132
53 175
166 65
69 153
16 93
132 65
79 129
30 17
50 18
120 93
135 119
76 51
6 17
119 38
36 17
12 7
19 151
51 142
172 70
49 165
6 53
170 113
172 28
74 115
106 113
160 105
111 96
69 157
22 110
111 19
172 43
134 142
134 138
160 134
79 118
92 111
71 167
17 81
32 62
148 111
81 7
151 80
66 101
36 12
172 27
173 177
55 140
148 38
79 17
111 150
32 119
131 113
6 175
32 58
63 178
91 120
8 151
96 151
64 115
9 152
82 52
114 150
172 2
96 56
52 105
128 112
36 89
29 90
148 8
129 118
50 136
144 159
116 140
119 56
6 118
87 61
140 96
127 103
19 38
161 8
25 167
143 53
164 28
85 123
25 118
111 151
13 158
71 118
135 56
154 44
151 38
132 28
176 168
83 140
157 67
164 2
142 105
155 14
14 165
87 109
114 119
5 178
131 170
148 62
134 51
135 44
12 118
166 164
138 125
41 33
16 120
86 2
32 44
143 129
71 143
116 58
144 29
33 93
74 47
124 123
58 151
140 151
8 135
116 161
76 142
60 24
116 83
172 22
27 110
25 175
61 45
140 8
26 16
8 38
52 125
167 89
147 93
36 25
17 53
124 88
83 96
132 2
61 72
30 89
71 89
64 120
9 142
48 60
160 138
114 154
19 62
87 59
152 51
110 70
106 153
53 118
58 135
156 122
131 84
143 89
11 165
28 70
161 62
43 2
78 54
36 53
76 105
154 151
10 108
55 150
74 120
111 62
87 72
176 178
144 106
33 74
53 89
154 119
151 150
94 97
131 153
