90
282
68 33
81 54
37 67
64 10
24 8
30 71
81 67
69 63
29 69
68 30
24 56
13 68
43 16
43 59
45 53
48 56
85 44
18 61
55 59
61 66
22 89
54 2
75 69
52 65
64 87
58 67
75 63
23 69
55 16
63 28
85 69
22 15
26 48
6 35
58 0
15 60
45 69
12 2
1 71
75 44
46 78
37 72
49 61
20 11
64 47
12 72
18 49
29 63
81 2
45 62
46 11
70 89
33 1
56 8
30 33
10 47
6 2
67 72
41 66
18 41
1 74
77 8
53 44
37 6
17 60
84 83
23 53
26 42
63 62
5 48
86 24
79 89
11 25
13 30
37 35
3 54
40 66
37 58
81 3
69 44
86 26
37 0
77 48
15 70
85 53
4 65
73 66
85 23
12 0
73 41
7 10
5 8
13 74
13 33
37 3
58 3
9 65
12 35
50 19
6 54
57 74
49 73
32 67
6 12
1 57
32 72
42 8
28 44
49 41
74 71
40 49
32 54
85 75
42 24
72 2
58 54
3 0
10 87
40 73
23 28
58 35
24 77
29 28
40 41
3 67
67 35
37 12
86 48
63 44
46 20
53 28
28 62
29 53
58 72
29 45
86 77
2 0
22 60
12 54
13 57
4 31
58 81
86 42
37 81
67 54
73 61
67 2
35 0
40 61
26 77
45 63
22 79
46 25
6 0
16 59
53 63
43 55
35 2
78 25
81 72
68 1
53 69
82 51
72 0
26 24
23 44
3 12
35 54
29 85
7 87
30 74
6 3
49 66
58 12
17 89
70 79
81 0
3 35
42 56
32 12
17 79
45 44
13 1
5 77
70 60
32 6
33 71
45 75
4 9
32 3
17 15
22 70
32 58
85 63
37 2
26 56
47 87
18 66
64 7
6 72
30 1
17 22
7 47
78 20
68 57
81 12
62 44
3 2
37 54
5 56
77 56
18 73
14 39
41 61
29 23
23 62
32 2
58 2
52 31
57 71
48 8
69 62
29 44
85 28
69 28
3 72
85 45
4 52
33 74
53 62
20 25
32 0
29 75
13 71
42 5
67 0
82 88
24 5
17 70
75 28
23 75
31 65
12 67
52 9
42 77
35 72
26 8
15 89
60 89
86 5
33 57
54 0
23 63
45 23
78 11
79 60
34 80
58 6
68 71
86 8
32 37
54 72
15 79
24 48
75 53
32 35
18 40
32 81
31 9
45 28
75 62
81 6
81 35
51 88
26 5
86 56
68 74
42 48
30 57
6 67
29 62
85 62
